194 2026年数据结构考研复习指导
3456810
5678 10
781011
10 11 15
合并3、
4
合并5、
6
合并7、8
7
7
11
15
11
3
4
3
4
5
6
7
8
5
6
3
4
1521
合并10、
11
36
编码长度：0
15
21
15
21
编码长度：
1
7
8
11
10
7
8
11
10
编码长度：2
3
4
5
6
3
4
5
6
-
-
编码长度：
3
对叶结点的哈夫曼编码，共有4个长度为3的叶结点、2个长度为2的叶结点，编码的加权
平均长度为\[(3+4+5+6)\times3+(8+10)\times2\]\[(3+4+5+6+8+10)=2.5\]。
二、综合应用题
01.【解答】
根据哈夫曼树的构造方法，每次从森林中选取两个根结点值最小的树合并成一棵树，将原先
的两棵树作为左、右子树，且新根结点的值为左、右孩子关键字之和。构造过程如下图所示。
5
7
2
3
6
8
9
5
7
5
6
8
9
2
5
10
7
6
8
9
10
13
13
8
9
5
5
5
5
6
7
2
3
2
3
10
13
17
23
17
5
5
6
7
8
9
10
13
8
9
2
3
515The7
40
23
8
9
10
13
5
5
6
7
23
由构造出的哈夫曼树可得 \( \text{WPL} = (2 + 3) \times 4 + (5 + 6 + 7) \times 3 + (8 + 9) \times 2 = 108 \)。
注意
哈夫曼树并不唯一，但带权路径长度一定是相同的。
02.【解答】
1)最先合并的表中的元素在后续的每次合并中都会再次参与比较，因此求最小合并次数类
拟于求最小带权路径长度，此时可立即想到哈夫曼树。根据哈夫曼树的构造过程，每次
选择表集合中长度最小的两个表进行合并。6 个表的合并顺序如下图所示。